0	500	500	500
0.05	460	569.25	457.5
0.1	416.829	638.027	412.276
0.15	371.976	703.467	365.852
0.2	327.081	762.832	319.866
0.25	283.721	813.879	275.864
0.3	243.212	855.111	235.098
0.35	206.482	885.878	198.417
0.4	174.028	906.3	166.239
0.45	145.964	917.097	138.6
0.5	122.111	919.366	115.257
0.55	102.1	914.381	95.7932
0.6	85.4705	903.442	79.7118
0.65	71.7364	887.766	66.5044
0.7	60.4341	868.435	55.6939
0.75	51.1461	846.377	46.856
0.8	43.5113	822.364	39.6273
0.85	37.2251	797.023	33.7041
0.9	32.0357	770.861	28.8371
0.95	27.7374	744.275	24.8238
1	24.1633	717.58	21.501
1.05	21.1788	691.018	18.7377
1.1	18.6754	664.774	16.4292
1.15	16.5659	638.988	14.4913
1.2	14.7801	613.765	12.8567
1.25	13.2614	589.182	11.4714
1.3	11.964	565.291	10.2917
1.35	10.8506	542.129	9.2825
1.4	9.89115	519.719	8.41527
1.45	9.06085	498.07	7.66679
1.5	8.33948	477.187	7.01807
1.55	7.71037	457.065	6.45356
1.6	7.15975	437.696	5.96042
1.65	6.67619	419.068	5.52806
1.7	6.25015	401.166	5.14765
1.75	5.87369	383.971	4.81185
1.8	5.5401	367.464	4.51451
1.85	5.24374	351.626	4.25044
1.9	4.97985	336.435	4.01529
1.95	4.74437	321.871	3.80534
2	4.53384	307.912	3.61745
2.05	4.34531	294.535	3.44894
2.1	4.17625	281.722	3.29751
2.15	4.02447	269.449	3.16118
2.2	3.88808	257.697	3.03824
2.25	3.76545	246.446	2.92722
2.3	3.65516	235.675	2.82685
2.35	3.55598	225.366	2.73601
2.4	3.46682	215.501	2.65373
2.45	3.38674	206.06	2.57916
2.5	3.3149	197.028	2.51155
2.55	3.25057	188.386	2.45026
2.6	3.19311	180.119	2.39469
2.65	3.14194	172.212	2.34435
2.7	3.09657	164.648	2.29877
2.75	3.05653	157.414	2.25755
2.8	3.02143	150.495	2.22034
2.85	2.99092	143.879	2.18682
2.9	2.96467	137.551	2.15669
2.95	2.9424	131.501	2.12971
3	2.92387	125.716	2.10564
3.05	2.90883	120.184	2.08429
3.1	2.89709	114.895	2.06545
3.15	2.88846	109.838	2.04897
3.2	2.88277	105.004	2.03469
3.25	2.87989	100.381	2.02249
3.3	2.87967	95.9625	2.01222
3.35	2.88199	91.738	2.00378
3.4	2.88675	87.6994	1.99707
3.45	2.89386	83.8386	1.992
3.5	2.90321	80.1479	1.98848
3.55	2.91474	76.6198	1.98643
3.6	2.92837	73.2472	1.98579
3.65	2.94403	70.0233	1.98649
3.7	2.96169	66.9416	1.98846
3.75	2.98127	63.9958	1.99167
3.8	3.00273	61.18	1.99605
3.85	3.02605	58.4884	2.00157
3.9	3.05117	55.9156	2.00818
3.95	3.07807	53.4564	2.01584
4	3.10673	51.1057	2.02453
4.05	3.13711	48.8588	2.0342
4.1	3.16919	46.7111	2.04484
4.15	3.20297	44.6582	2.05641
4.2	3.23842	42.696	2.06889
4.25	3.27554	40.8204	2.08225
4.3	3.31431	39.0277	2.09649
4.35	3.35472	37.3141	2.11157
4.4	3.39678	35.6762	2.12749
4.45	3.44048	34.1106	2.14422
4.5	3.48582	32.6142	2.16175
4.55	3.5328	31.1838	2.18008
4.6	3.58142	29.8166	2.19918
4.65	3.63169	28.5097	2.21906
4.7	3.68362	27.2606	2.23969
4.75	3.7372	26.0665	2.26107
4.8	3.79247	24.9252	2.2832
4.85	3.84941	23.8343	2.30607
4.9	3.90805	22.7915	2.32967
4.95	3.9684	21.7947	2.35399
5	4.03046	20.8418	2.37904
5.05	4.09427	19.9311	2.40481
5.1	4.15984	19.0604	2.4313
5.15	4.22718	18.2282	2.4585
5.2	4.29631	17.4327	2.48641
5.25	4.36726	16.6722	2.51504
5.3	4.44004	15.9452	2.54438
5.35	4.51468	15.2503	2.57443
5.4	4.59121	14.586	2.6052
5.45	4.66964	13.9509	2.63667
5.5	4.75	13.3438	2.66887
5.55	4.83232	12.7635	2.70178
5.6	4.91663	12.2086	2.73541
5.65	5.00296	11.6782	2.76976
5.7	5.09134	11.1712	2.80484
5.75	5.18179	10.6864	2.84064
5.8	5.27435	10.2229	2.87718
5.85	5.36905	9.77982	2.91446
5.9	5.46593	9.35619	2.95247
5.95	5.56502	8.95118	2.99123
6	5.66636	8.56394	3.03075
6.05	5.76998	8.19371	3.07102
6.1	5.87592	7.83972	3.11205
6.15	5.98423	7.50126	3.15385
6.2	6.09494	7.17764	3.19643
6.25	6.20809	6.86821	3.23979
6.3	6.32372	6.57234	3.28393
6.35	6.44188	6.28943	3.32887
6.4	6.56262	6.0189	3.37462
6.45	6.68597	5.76022	3.42118
6.5	6.81199	5.51285	3.46855
6.55	6.94071	5.27631	3.51676
6.6	7.0722	5.0501	3.5658
6.65	7.20651	4.83377	3.61568
6.7	7.34367	4.6269	3.66642
6.75	7.48375	4.42905	3.71803
6.8	7.62679	4.23984	3.7705
6.85	7.77286	4.05888	3.82386
6.9	7.92201	3.88581	3.87812
6.95	8.07429	3.72028	3.93328
7	8.22977	3.56196	3.98935
7.05	8.3885	3.41053	4.04635
7.1	8.55055	3.26569	4.10428
7.15	8.71598	3.12715	4.16316
7.2	8.88485	2.99462	4.22301
7.25	9.05722	2.86785	4.28382
7.3	9.23317	2.74659	4.34562
7.35	9.41276	2.63058	4.40842
7.4	9.59607	2.51961	4.47223
7.45	9.78315	2.41344	4.53706
7.5	9.97409	2.31188	4.60292
7.55	10.169	2.2147	4.66984
7.6	10.3678	2.12173	4.73782
7.65	10.5708	2.03278	4.80688
7.7	10.7779	1.94767	4.87703
7.75	10.9893	1.86623	4.94828
7.8	11.205	1.78831	5.02066
7.85	11.425	1.71374	5.09417
7.9	11.6496	1.64239	5.16884
7.95	11.8788	1.5741	5.24467
8	12.1126	1.50876	5.32169
8.05	12.3512	1.44622	5.39991
8.1	12.5947	1.38637	5.47935
8.15	12.8431	1.32909	5.56002
8.2	13.0965	1.27426	5.64194
8.25	13.3551	1.22178	5.72513
8.3	13.619	1.17155	5.80961
8.35	13.8882	1.12346	5.89539
8.4	14.1628	1.07743	5.9825
8.45	14.443	1.03337	6.07095
8.5	14.7289	0.991184	6.16076
8.55	15.0205	0.950798	6.25195
8.6	15.3181	0.912131	6.34454
8.65	15.6217	0.87511	6.43855
8.7	15.9314	0.839662	6.534
8.75	16.2473	0.805719	6.63091
8.8	16.5696	0.773216	6.72931
8.85	16.8985	0.742091	6.82921
8.9	17.2339	0.712283	6.93063
8.95	17.5761	0.683736	7.0336
9	17.9253	0.656395	7.13815
9.05	18.2814	0.630209	7.24428
9.1	18.6447	0.605126	7.35203
9.15	19.0154	0.5811	7.46142
9.2	19.3935	0.558084	7.57248
9.25	19.7792	0.536036	7.68522
9.3	20.1726	0.514913	7.79967
9.35	20.574	0.494676	7.91587
9.4	20.9835	0.475286	8.03382
9.45	21.4011	0.456708	8.15356
9.5	21.8272	0.438906	8.27512
9.55	22.2618	0.421846	8.39852
9.6	22.7052	0.405498	8.52379
9.65	23.1575	0.38983	8.65096
9.7	23.6188	0.374814	8.78005
9.75	24.0894	0.360421	8.91109
9.8	24.5695	0.346625	9.04412
9.85	25.0591	0.333401	9.17915
9.9	25.5587	0.320723	9.31623
9.95	26.0682	0.308569	9.45537
10	26.5879	0.296917	9.59662
10.05	27.1181	0.285744	9.74
10.1	27.6589	0.275031	9.88554
10.15	28.2106	0.264758	10.0333
10.2	28.7733	0.254907	10.1832
10.25	29.3473	0.245459	10.3355
10.3	29.9328	0.236398	10.49
10.35	30.5301	0.227707	10.6469
10.4	31.1393	0.21937	10.8061
10.45	31.7607	0.211373	10.9677
10.5	32.3946	0.203702	11.1317
10.55	33.0411	0.196342	11.2983
10.6	33.7007	0.18928	11.4673
10.65	34.3734	0.182504	11.6389
10.7	35.0596	0.176002	11.813
10.75	35.7596	0.169763	11.9898
10.8	36.4735	0.163775	12.1692
10.85	37.2018	0.158028	12.3514
10.9	37.9447	0.152513	12.5363
10.95	38.7024	0.147218	12.7239
11	39.4753	0.142136	12.9144
11.05	40.2637	0.137257	13.1078
11.1	41.0679	0.132573	13.304
11.15	41.8882	0.128076	13.5032
11.2	42.7248	0.123758	13.7054
11.25	43.5783	0.119612	13.9107
11.3	44.4488	0.11563	14.119
11.35	45.3368	0.111807	14.3305
11.4	46.2425	0.108135	14.5451
11.45	47.1663	0.104608	14.763
11.5	48.1087	0.101221	14.9841
11.55	49.0699	0.0979671	15.2086
11.6	50.0503	0.0948417	15.4364
11.65	51.0504	0.0918394	15.6676
11.7	52.0704	0.0889551	15.9024
11.75	53.1109	0.0861842	16.1406
11.8	54.1722	0.083522	16.3824
11.85	55.2547	0.0809643	16.6279
11.9	56.3589	0.0785068	16.8771
11.95	57.4852	0.0761456	17.1299
12	58.6341	0.0738767	17.3866
12.05	59.8059	0.0716967	17.6472
12.1	61.0011	0.0696019	17.9116
12.15	62.2203	0.067589	18.1801
12.2	63.4639	0.0656548	18.4525
12.25	64.7323	0.0637963	18.7291
12.3	66.0262	0.0620104	19.0098
12.35	67.3459	0.0602945	19.2947
12.4	68.692	0.0586458	19.5839
12.45	70.065	0.0570616	19.8774
12.5	71.4655	0.0555397	20.1753
12.55	72.894	0.0540776	20.4777
12.6	74.3511	0.052673	20.7847
12.65	75.8373	0.0513239	21.0962
12.7	77.3533	0.0500281	21.4124
12.75	78.8996	0.0487838	21.7334
12.8	80.4768	0.0475889	22.0592
12.85	82.0856	0.0464418	22.3899
12.9	83.7265	0.0453407	22.7255
12.95	85.4003	0.0442839	23.0662
13	87.1076	0.04327	23.412
13.05	88.849	0.0422974	23.763
13.1	90.6252	0.0413647	24.1192
13.15	92.4369	0.0404705	24.4808
13.2	94.2849	0.0396136	24.8478
13.25	96.1699	0.0387928	25.2203
13.3	98.0925	0.0380068	25.5984
13.35	100.054	0.0372545	25.9822
13.4	102.054	0.0365349	26.3718
13.45	104.094	0.0358471	26.7671
13.5	106.175	0.0351899	27.1685
13.55	108.298	0.0345627	27.5758
13.6	110.463	0.0339644	27.9892
13.65	112.672	0.0333944	28.4089
13.7	114.925	0.0328518	28.8348
13.75	117.222	0.0323359	29.2672
13.8	119.566	0.0318462	29.706
13.85	121.957	0.0313819	30.1514
13.9	124.395	0.0309426	30.6035
13.95	126.882	0.0305276	31.0623
14	129.419	0.0301365	31.5281
14.05	132.007	0.0297689	32.0008
14.1	134.646	0.0294243	32.4806
14.15	137.338	0.0291024	32.9677
14.2	140.084	0.028803	33.462
14.25	142.885	0.0285256	33.9637
14.3	145.742	0.0282701	34.473
14.35	148.656	0.0280363	34.9899
14.4	151.628	0.027824	35.5145
14.45	154.66	0.0276331	36.047
14.5	157.752	0.0274637	36.5876
14.55	160.906	0.0273156	37.1362
14.6	164.124	0.027189	37.693
14.65	167.405	0.0270838	38.2582
14.7	170.752	0.0270003	38.8319
14.75	174.166	0.0269387	39.4141
14.8	177.649	0.0268991	40.0051
14.85	181.201	0.0268819	40.605
14.9	184.824	0.0268875	41.2138
14.95	188.519	0.0269162	41.8318
15	192.289	0.0269687	42.4591
15.05	196.133	0.0270455	43.0957
15.1	200.055	0.0271471	43.7419
15.15	204.055	0.0272745	44.3978
15.2	208.135	0.0274283	45.0636
15.25	212.297	0.0276095	45.7393
15.3	216.541	0.0278192	46.4251
15.35	220.871	0.0280584	47.1212
15.4	225.287	0.0283284	47.8278
15.45	229.792	0.0286306	48.5449
15.5	234.386	0.0289665	49.2728
15.55	239.073	0.0293377	50.0116
15.6	243.853	0.0297462	50.7615
15.65	248.728	0.0301939	51.5226
15.7	253.701	0.030683	52.2952
15.75	258.774	0.031216	53.0793
15.8	263.948	0.0317955	53.8751
15.85	269.225	0.0324244	54.6829
15.9	274.608	0.0331061	55.5028
15.95	280.098	0.0338439	56.335
16	285.698	0.0346418	57.1796
16.05	291.41	0.035504	58.0369
16.1	297.236	0.0364352	58.907
16.15	303.179	0.0374406	59.7902
16.2	309.24	0.0385258	60.6866
16.25	315.422	0.0396972	61.5965
16.3	321.728	0.0409615	62.5199
16.35	328.16	0.0423265	63.4572
16.4	334.721	0.0438005	64.4085
16.45	341.412	0.045393	65.3741
16.5	348.237	0.0471142	66.3541
16.55	355.199	0.0489757	67.3488
16.6	362.299	0.0509901	68.3584
16.65	369.542	0.0531717	69.383
16.7	376.929	0.0555363	70.4231
16.75	384.463	0.0581014	71.4786
16.8	392.148	0.0608868	72.55
16.85	399.986	0.0639144	73.6373
16.9	407.98	0.0672088	74.7409
16.95	416.135	0.0707977	75.8611
17	424.451	0.0747121	76.9979
17.05	432.934	0.0789869	78.1517
17.1	441.586	0.0836615	79.3228
17.15	450.41	0.0887802	80.5113
17.2	459.41	0.0943934	81.7175
17.25	468.59	0.100558	82.9417
17.3	477.952	0.107338	84.1842
17.35	487.501	0.114808	85.4451
17.4	497.24	0.12305	86.7249
17.45	507.173	0.132161	88.0236
17.5	517.303	0.142248	89.3416
17.55	527.634	0.153438	90.6792
17.6	538.17	0.165873	92.0366
17.65	548.916	0.179718	93.4141
17.7	559.875	0.195162	94.812
17.75	571.05	0.212425	96.2304
17.8	582.447	0.231761	97.6698
17.85	594.069	0.253463	99.1303
17.9	605.92	0.277873	100.612
17.95	618.005	0.30539	102.116
18	630.327	0.336476	103.641
18.05	642.891	0.371677	105.189
18.1	655.701	0.411629	106.759
18.15	668.761	0.457083	108.352
18.2	682.076	0.50892	109.967
18.25	695.648	0.568184	111.605
18.3	709.482	0.63611	113.267
18.35	723.581	0.714165	114.951
18.4	737.949	0.804093	116.659
18.45	752.589	0.907979	118.39
18.5	767.505	1.02831	120.145
18.55	782.697	1.16809	121.922
18.6	798.168	1.33089	123.722
18.65	813.919	1.52107	125.545
18.7	829.95	1.74385	127.39
18.75	846.259	2.00561	129.257
18.8	862.845	2.31407	131.144
18.85	879.702	2.67865	133.05
18.9	896.825	3.11088	134.975
18.95	914.204	3.62487	136.915
19	931.825	4.23798	138.87
19.05	949.672	4.97158	140.835
19.1	967.721	5.85207	142.808
19.15	985.943	6.91215	144.783
19.2	1004.3	8.19235	146.754
19.25	1022.74	9.74309	148.715
19.3	1041.2	11.6271	150.656
19.35	1059.6	13.9227	152.565
19.4	1077.85	16.7275	154.429
19.45	1095.8	20.1634	156.229
19.5	1113.29	24.3826	157.942
19.55	1130.13	29.5744	159.541
19.6	1146.05	35.9746	160.991
19.65	1160.72	43.8744	162.247
19.7	1173.75	53.6321	163.257
19.75	1184.64	65.6842	163.955
19.8	1192.77	80.5555	164.26
19.85	1197.41	98.8656	164.078
19.9	1197.68	121.327	163.295
19.95	1192.57	148.731	161.782
20	1180.95	181.909	159.396
20.05	1161.6	221.659	155.988
20.1	1133.34	268.64	151.413
20.15	1095.11	323.209	145.549
20.2	1046.22	385.236	138.323
20.25	986.539	453.906	129.741
20.3	916.711	527.586	119.909
20.35	838.316	603.809	109.055
20.4	753.846	679.45	97.5212
20.45	666.483	751.093	85.7318
20.5	579.694	815.512	74.1393
20.55	496.739	870.135	63.1591
20.6	420.228	913.353	53.1151
20.65	351.869	944.604	44.2092
20.7	292.431	964.243	36.5203
20.75	241.885	973.289	30.0252
20.8	199.638	973.147	24.631
20.85	164.775	965.358	20.2065
20.9	136.257	951.431	16.6083
20.95	113.054	932.735	13.6971
21	94.2256	910.457	11.3474
21.05	78.9524	885.584	9.45136
21.1	66.5477	858.922	7.91914
21.15	56.4468	831.114	6.67754
21.2	48.193	802.667	5.66774
21.25	41.4202	773.974	4.8429
21.3	35.837	745.337	4.16589
21.35	31.2116	716.987	3.60738
21.4	27.3602	689.097	3.1442
21.45	24.1366	661.794	2.75803
21.5	21.4247	635.171	2.43435
21.55	19.1315	609.294	2.16162
21.6	17.1828	584.205	1.93063
21.65	15.5188	559.931	1.73401
21.7	14.0913	536.488	1.56584
21.75	12.8611	513.878	1.42132
21.8	11.7965	492.099	1.29656
21.85	10.8715	471.142	1.1884
21.9	10.0645	450.992	1.09425
21.95	9.35798	431.633	1.01196
22	8.7373	413.045	0.93978
22.05	8.19027	395.207	0.876243
22.1	7.7067	378.096	0.820127
22.15	7.27806	361.691	0.770411
22.2	6.89714	345.966	0.726237
22.25	6.55785	330.899	0.68688
22.3	6.25501	316.465	0.651726
22.35	5.98421	302.642	0.620252
22.4	5.74168	289.407	0.592013
22.45	5.52418	276.736	0.566627
22.5	5.32891	264.608	0.543765
22.55	5.15348	253.001	0.523144
22.6	4.99578	241.894	0.50452
22.65	4.854	231.268	0.48768
22.7	4.72657	221.101	0.472438
22.75	4.61209	211.376	0.458634
22.8	4.50936	202.073	0.446124
22.85	4.4173	193.176	0.434786
22.9	4.33498	184.667	0.42451
22.95	4.26158	176.53	0.415199
23	4.19635	168.748	0.406768
23.05	4.13865	161.308	0.399141
23.1	4.0879	154.194	0.392251
23.15	4.0436	147.391	0.386039
23.2	4.00527	140.888	0.380449
23.25	3.97252	134.671	0.375436
23.3	3.94497	128.727	0.370956
23.35	3.9223	123.044	0.366969
23.4	3.90423	117.612	0.363443
23.45	3.89047	112.42	0.360346
23.5	3.88081	107.456	0.357649
23.55	3.87502	102.712	0.355327
23.6	3.87292	98.1765	0.353358
23.65	3.87433	93.8415	0.35172
23.7	3.87911	89.698	0.350395
23.75	3.8871	85.7376	0.349365
23.8	3.89819	81.9523	0.348614
23.85	3.91226	78.3342	0.34813
23.9	3.92921	74.8762	0.347898
23.95	3.94895	71.5711	0.347906
24	3.97141	68.4122	0.348145
24.05	3.9965	65.3931	0.348604
24.1	4.02416	62.5077	0.349273
24.15	4.05433	59.7499	0.350146
24.2	4.08697	57.1142	0.351214
24.25	4.12202	54.5951	0.35247
24.3	4.15946	52.1876	0.353909
24.35	4.19923	49.8867	0.355523
24.4	4.24132	47.6877	0.357309
24.45	4.28569	45.5861	0.359261
24.5	4.33233	43.5775	0.361374
24.55	4.38122	41.6579	0.363645
24.6	4.43234	39.8232	0.36607
24.65	4.48569	38.0698	0.368646
24.7	4.54125	36.3941	0.371369
24.75	4.59902	34.7926	0.374236
24.8	4.659	33.262	0.377245
24.85	4.72118	31.7991	0.380394
24.9	4.78558	30.401	0.383681
24.95	4.85219	29.0648	0.387104
25	4.92103	27.7878	0.39066
25.05	4.9921	26.5673	0.394349
25.1	5.06542	25.4008	0.398168
25.15	5.141	24.2859	0.402118
25.2	5.21885	23.2204	0.406197
25.25	5.29899	22.202	0.410403
25.3	5.38144	21.2286	0.414737
25.35	5.46622	20.2983	0.419197
25.4	5.55335	19.4091	0.423783
25.45	5.64286	18.5593	0.428495
25.5	5.73477	17.747	0.433332
25.55	5.82911	16.9707	0.438294
25.6	5.92591	16.2286	0.443381
25.65	6.02519	15.5193	0.448592
25.7	6.127	14.8414	0.453929
25.75	6.23135	14.1934	0.45939
25.8	6.33829	13.574	0.464977
25.85	6.44785	12.9819	0.47069
25.9	6.56006	12.416	0.476528
25.95	6.67497	11.8751	0.482492
26	6.79262	11.358	0.488584
26.05	6.91304	10.8637	0.494803
26.1	7.03628	10.3912	0.50115
26.15	7.16238	9.93955	0.507626
26.2	7.29139	9.50779	0.514231
26.25	7.42336	9.09505	0.520966
26.3	7.55832	8.70048	0.527833
26.35	7.69634	8.32328	0.534832
26.4	7.83745	7.96268	0.541964
26.45	7.98172	7.61795	0.549231
26.5	8.12919	7.28837	0.556632
26.55	8.27993	6.97329	0.564171
26.6	8.43398	6.67205	0.571846
26.65	8.5914	6.38405	0.579661
26.7	8.75226	6.10869	0.587616
26.75	8.91661	5.84542	0.595712
26.8	9.08452	5.5937	0.603951
26.85	9.25605	5.35303	0.612335
26.9	9.43126	5.1229	0.620864
26.95	9.61022	4.90286	0.629541
27	9.793	4.69246	0.638367
27.05	9.97967	4.49127	0.647343
27.1	10.1703	4.29889	0.656472
27.15	10.365	4.11493	0.665755
27.2	10.5637	3.939	0.675193
27.25	10.7667	3.77077	0.684789
27.3	10.9739	3.60989	0.694545
27.35	11.1855	3.45602	0.704461
27.4	11.4014	3.30888	0.714541
27.45	11.6219	3.16815	0.724786
27.5	11.847	3.03356	0.735199
27.55	12.0767	2.90482	0.745781
27.6	12.3113	2.7817	0.756534
27.65	12.5506	2.66393	0.767462
27.7	12.795	2.55129	0.778565
27.75	13.0443	2.44354	0.789846
27.8	13.2988	2.34047	0.801307
27.85	13.5586	2.24188	0.812952
27.9	13.8237	2.14756	0.824782
27.95	14.0942	2.05733	0.836799
28	14.3703	1.97101	0.849007
28.05	14.652	1.88843	0.861407
28.1	14.9396	1.80943	0.874003
28.15	15.2329	1.73384	0.886797
28.2	15.5323	1.66151	0.899791
28.25	15.8378	1.59231	0.912989
28.3	16.1495	1.52609	0.926393
28.35	16.4676	1.46273	0.940006
28.4	16.7921	1.4021	0.953831
28.45	17.1232	1.34408	0.967871
28.5	17.4611	1.28855	0.982129
28.55	17.8058	1.23542	0.996608
28.6	18.1575	1.18456	1.01131
28.65	18.5164	1.13588	1.02624
28.7	18.8825	1.08929	1.0414
28.75	19.2561	1.0447	1.0568
28.8	19.6371	1.00202	1.07243
28.85	20.026	0.961158	1.0883
28.9	20.4226	0.922044	1.10441
28.95	20.8273	0.884599	1.12078
29	21.2402	0.848751	1.13739
29.05	21.6614	0.81443	1.15426
29.1	22.0911	0.78157	1.17138
29.15	22.5294	0.750107	1.18877
29.2	22.9766	0.71998	1.20642
29.25	23.4329	0.691132	1.22435
29.3	23.8983	0.663506	1.24254
29.35	24.3731	0.63705	1.26102
29.4	24.8574	0.611713	1.27977
29.45	25.3516	0.587446	1.29881
29.5	25.8556	0.564204	1.31814
29.55	26.3698	0.541941	1.33776
29.6	26.8943	0.520616	1.35768
29.65	27.4294	0.500188	1.37791
29.7	27.9753	0.480618	1.39844
29.75	28.5321	0.461869	1.41928
29.8	29.1001	0.443906	1.44044
29.85	29.6795	0.426695	1.46192
29.9	30.2706	0.410203	1.48372
29.95	30.8735	0.394401	1.50586
30	31.4885	0.379257	1.52833
30.05	32.1159	0.364744	1.55113
30.1	32.7559	0.350835	1.57429
30.15	33.4087	0.337504	1.59779
30.2	34.0746	0.324726	1.62165
30.25	34.7539	0.312477	1.64587
30.3	35.4468	0.300735	1.67046
30.35	36.1536	0.289479	1.69541
30.4	36.8746	0.278687	1.72075
30.45	37.61	0.268339	1.74646
30.5	38.3602	0.258418	1.77256
30.55	39.1254	0.248904	1.79906
30.6	39.906	0.239781	1.82596
30.65	40.7022	0.231032	1.85326
30.7	41.5144	0.22264	1.88097
30.75	42.3428	0.214592	1.9091
30.8	43.1878	0.206872	1.93766
30.85	44.0498	0.199467	1.96664
30.9	44.929	0.192363	1.99606
30.95	45.8259	0.185547	2.02593
31	46.7407	0.179009	2.05624
31.05	47.6739	0.172735	2.08701
31.1	48.6257	0.166715	2.11824
31.15	49.5966	0.160938	2.14995
31.2	50.5869	0.155394	2.18213
31.25	51.5971	0.150074	2.21479
31.3	52.6275	0.144968	2.24795
31.35	53.6785	0.140067	2.2816
31.4	54.7506	0.135362	2.31576
31.45	55.8441	0.130846	2.35043
31.5	56.9595	0.126511	2.38563
31.55	58.0973	0.12235	2.42135
31.6	59.2578	0.118354	2.45762
31.65	60.4415	0.114518	2.49442
31.7	61.649	0.110834	2.53178
31.75	62.8806	0.107298	2.5697
31.8	64.1369	0.103902	2.60819
31.85	65.4183	0.100641	2.64726
31.9	66.7253	0.0975088	2.68692
31.95	68.0585	0.0945014	2.72717
32	69.4184	0.0916132	2.76802
32.05	70.8055	0.0888394	2.80949
32.1	72.2204	0.0861755	2.85158
32.15	73.6635	0.0836171	2.89431
32.2	75.1356	0.0811599	2.93768
32.25	76.637	0.0788001	2.98169
32.3	78.1686	0.0765337	3.02637
32.35	79.7308	0.0743572	3.07172
32.4	81.3242	0.0722669	3.11775
32.45	82.9495	0.0702595	3.16447
32.5	84.6073	0.0683318	3.21189
32.55	86.2983	0.0664808	3.26003
32.6	88.0231	0.0647036	3.30889
32.65	89.7824	0.0629972	3.35848
32.7	91.577	0.0613591	3.40881
32.75	93.4074	0.0597867	3.4599
32.8	95.2744	0.0582775	3.51176
32.85	97.1788	0.0568292	3.56439
32.9	99.1213	0.0554396	3.61782
32.95	101.103	0.0541066	3.67205
33	103.124	0.0528281	3.72709
33.05	105.185	0.0516021	3.78296
33.1	107.288	0.0504269	3.83966
33.15	109.432	0.0493007	3.89722
33.2	111.62	0.0482217	3.95564
33.25	113.851	0.0471885	4.01493
33.3	116.127	0.0461994	4.07512
33.35	118.449	0.0452531	4.13621
33.4	120.816	0.0443482	4.19821
33.45	123.232	0.0434833	4.26115
33.5	125.695	0.0426573	4.32503
33.55	128.208	0.041869	4.38987
33.6	130.771	0.0411173	4.45568
33.65	133.385	0.0404011	4.52248
33.7	136.052	0.0397194	4.59028
33.75	138.772	0.0390715	4.6591
33.8	141.546	0.0384563	4.72895
33.85	144.376	0.0378731	4.79984
33.9	147.263	0.0373212	4.87181
33.95	150.207	0.0367998	4.94485
34	153.21	0.0363084	5.01898
34.05	156.273	0.0358463	5.09423
34.1	159.397	0.035413	5.17061
34.15	162.584	0.0350081	5.24813
34.2	165.835	0.0346312	5.32682
34.25	169.15	0.0342818	5.40668
34.3	172.532	0.0339597	5.48774
34.35	175.982	0.0336646	5.57002
34.4	179.5	0.0333963	5.65354
34.45	183.089	0.0331547	5.7383
34.5	186.749	0.0329397	5.82434
34.55	190.483	0.0327512	5.91166
34.6	194.292	0.0325894	6.0003
34.65	198.176	0.0324543	6.09027
34.7	202.138	0.032346	6.18158
34.75	206.18	0.0322648	6.27426
34.8	210.302	0.0322111	6.36834
34.85	214.507	0.0321851	6.46382
34.9	218.795	0.0321874	6.56074
34.95	223.17	0.0322185	6.65911
35	227.632	0.032279	6.75895
35.05	232.183	0.0323697	6.86029
35.1	236.825	0.0324913	6.96315
35.15	241.56	0.0326448	7.06755
35.2	246.39	0.0328313	7.17352
35.25	251.316	0.0330519	7.28108
35.3	256.341	0.033308	7.39024
35.35	261.466	0.0336009	7.50105
35.4	266.693	0.0339322	7.61351
35.45	272.025	0.0343038	7.72766
35.5	277.464	0.0347175	7.84353
35.55	283.011	0.0351756	7.96112
35.6	288.67	0.0356804	8.08049
35.65	294.441	0.0362345	8.20164
35.7	300.328	0.0368407	8.3246
35.75	306.332	0.0375022	8.44941
35.8	312.456	0.0382225	8.57609
35.85	318.703	0.0390053	8.70466
35.9	325.075	0.039855	8.83516
35.95	331.574	0.0407759	8.96762
36	338.202	0.0417733	9.10206
36.05	344.964	0.0428528	9.23852
36.1	351.86	0.0440204	9.37702
36.15	358.894	0.045283	9.51759
36.2	366.069	0.0466481	9.66027
36.25	373.387	0.048124	9.80508
36.3	380.851	0.0497198	9.95206
36.35	388.464	0.0514457	10.1012
36.4	396.229	0.053313	10.2527
36.45	404.15	0.0553342	10.4063
36.5	412.228	0.0575231	10.5623
36.55	420.468	0.0598952	10.7206
36.6	428.872	0.0624678	10.8813
36.65	437.444	0.0652599	11.0444
36.7	446.188	0.0682932	11.2099
36.75	455.105	0.0715915	11.3779
36.8	464.201	0.0751818	11.5484
36.85	473.478	0.0790943	11.7215
36.9	482.94	0.0833628	11.8971
36.95	492.591	0.0880255	12.0754
37	502.434	0.0931255	12.2563
37.05	512.473	0.0987114	12.4399
37.1	522.712	0.104838	12.6263
37.15	533.156	0.111568	12.8154
37.2	543.807	0.118972	13.0073
37.25	554.67	0.127131	13.2021
37.3	565.749	0.136135	13.3998
37.35	577.049	0.146091	13.6005
37.4	588.573	0.157117	13.8041
37.45	600.326	0.169351	14.0107
37.5	612.312	0.182952	14.2204
37.55	624.536	0.198099	14.4332
37.6	637.002	0.215003	14.6491
37.65	649.715	0.233905	14.8682
37.7	662.679	0.255086	15.0905
37.75	675.898	0.278871	15.3161
37.8	689.379	0.305638	15.545
37.85	703.124	0.335829	15.7772
37.9	717.139	0.36996	16.0128
37.95	731.429	0.408634	16.2518
38	745.998	0.452561	16.4943
38.05	760.85	0.502578	16.7402
38.1	775.991	0.559668	16.9896
38.15	791.424	0.625	17.2426
38.2	807.153	0.699957	17.499
38.25	823.183	0.786184	17.7591
38.3	839.518	0.885642	18.0227
38.35	856.159	1.00068	18.2898
38.4	873.111	1.1341	18.5605
38.45	890.375	1.2893	18.8347
38.5	907.953	1.47033	19.1124
38.55	925.845	1.68213	19.3934
38.6	944.051	1.93065	19.6778
38.65	962.567	2.22316	19.9654
38.7	981.391	2.56848	20.256
38.75	1000.51	2.97742	20.5494
38.8	1019.93	3.4632	20.8454
38.85	1039.62	4.04208	21.1437
38.9	1059.57	4.7341	21.4437
38.95	1079.76	5.56399	21.7451
39	1100.15	6.5624	22.0471
39.05	1120.71	7.76734	22.3488
39.1	1141.39	9.2261	22.6493
39.15	1162.11	10.9976	22.9473
39.2	1182.79	13.1554	23.241
39.25	1203.34	15.7914	23.5285
39.3	1223.61	19.0205	23.8071
39.35	1243.42	22.9863	24.0737
39.4	1262.57	27.8681	24.3241
39.45	1280.79	33.8895	24.5534
39.5	1297.72	41.3281	24.7553
39.55	1312.95	50.5267	24.922
39.6	1325.94	61.9051	25.044
39.65	1336.05	75.9719	25.1095
39.7	1342.47	93.3326	25.1047
39.75	1344.26	114.692	25.0126
39.8	1340.31	140.845	24.8141
39.85	1329.36	172.643	24.4873
39.9	1310.04	210.937	24.0091
39.95	1280.98	256.471	23.3563
40	1240.89	309.735	22.5086
40.05	1188.84	370.771	21.4519
40.1	1124.46	438.966	20.183
40.15	1048.23	512.883	18.7138
40.2	961.668	590.199	17.0749
40.25	867.386	667.834	15.3155
40.3	768.88	742.281	13.4996
40.35	670.113	810.098	11.698
40.4	574.943	868.412	9.97815
40.45	486.585	915.303	8.39479
40.5	407.242	949.943	6.98396
40.55	338.016	972.509	5.76184
40.6	279.031	983.938	4.72758
40.65	229.702	985.624	3.86817
40.7	189.016	979.155	3.16368
40.75	155.781	966.107	2.59159
40.8	128.797	947.93	2.12971
40.85	106.954	925.883	1.75789
40.9	89.2881	901.023	1.45874
40.95	74.9837	874.209	1.21775
41	63.3731	846.128	1.0231
41.05	53.9162	817.323	0.865314
41.1	46.1811	788.213	0.736846
41.15	39.8247	759.121	0.63174
41.2	34.5748	730.293	0.545303
41.25	30.2164	701.912	0.473836
41.3	26.5788	674.115	0.414425
41.35	23.527	647.001	0.364768
41.4	20.9531	620.639	0.323038
41.45	18.7713	595.076	0.287786
41.5	16.9127	570.341	0.257852
41.55	15.3217	546.45	0.232307
41.6	13.9536	523.408	0.210402
41.65	12.772	501.212	0.191533
41.7	11.7472	479.852	0.175207
41.75	10.8547	459.316	0.16102
41.8	10.0747	439.586	0.148643
41.85	9.39043	420.642	0.137805
41.9	8.78824	402.464	0.128279
41.95	8.25661	385.027	0.119877
42	7.78594	368.309	0.112444
42.05	7.36813	352.286	0.105848
42.1	6.99636	336.933	0.099978
42.15	6.66483	322.226	0.0947405
42.2	6.36861	308.142	0.090056
42.25	6.10349	294.657	0.0858568
42.3	5.86587	281.748	0.082085
42.35	5.65265	269.393	0.0786908
42.4	5.46115	257.568	0.0756315
42.45	5.28905	246.254	0.0728699
42.5	5.13434	235.429	0.070374
42.55	4.99527	225.073	0.068116
42.6	4.87031	215.167	0.0660715
42.65	4.75813	205.692	0.0642193
42.7	4.65756	196.63	0.0625407
42.75	4.56754	187.964	0.0610194
42.8	4.48719	179.676	0.0596408
42.85	4.41568	171.752	0.0583922
42.9	4.35232	164.174	0.0572623
42.95	4.29646	156.929	0.056241
43	4.24754	150.002	0.0553195
43.05	4.20506	143.38	0.0544896
43.1	4.16858	137.049	0.0537444
43.15	4.13769	130.997	0.0530775
43.2	4.11204	125.211	0.0524831
43.25	4.0913	119.68	0.051956
43.3	4.0752	114.393	0.0514917
43.35	4.06347	109.34	0.051086
43.4	4.05588	104.509	0.0507352
43.45	4.05222	99.8922	0.0504357
43.5	4.05231	95.479	0.0501847
43.55	4.05597	91.2609	0.0499791
43.6	4.06306	87.2292	0.0498166
43.65	4.07344	83.3758	0.0496947
43.7	4.08698	79.6929	0.0496115
43.75	4.10358	76.1729	0.0495649
43.8	4.12314	72.8087	0.0495533
43.85	4.14556	69.5934	0.049575
43.9	4.17077	66.5204	0.0496286
43.95	4.1987	63.5835	0.0497128
44	4.22928	60.7767	0.0498263
44.05	4.26245	58.0942	0.049968
44.1	4.29818	55.5305	0.050137
44.15	4.33641	53.0803	0.0503322
44.2	4.3771	50.7387	0.0505529
44.25	4.42022	48.5008	0.0507981
44.3	4.46575	46.3621	0.0510674
44.35	4.51366	44.3181	0.0513599
44.4	4.56392	42.3647	0.051675
44.45	4.61653	40.4979	0.0520123
44.5	4.67147	38.7137	0.0523712
44.55	4.72873	37.0086	0.0527513
44.6	4.7883	35.3791	0.0531521
44.65	4.85019	33.8217	0.0535733
44.7	4.91438	32.3333	0.0540145
44.75	4.98089	30.9109	0.0544754
44.8	5.04972	29.5515	0.0549558
44.85	5.12087	28.2523	0.0554553
44.9	5.19435	27.0106	0.0559738
44.95	5.27017	25.8239	0.056511
45	5.34836	24.6897	0.0570668
45.05	5.42892	23.6058	0.057641
45.1	5.51186	22.5698	0.0582335
45.15	5.59722	21.5797	0.0588442
45.2	5.68501	20.6334	0.0594729
45.25	5.77525	19.729	0.0601195
45.3	5.86796	18.8646	0.0607841
45.35	5.96318	18.0384	0.0614665
45.4	6.06093	17.2488	0.0621668
45.45	6.16124	16.494	0.0628848
45.5	6.26414	15.7727	0.0636206
45.55	6.36967	15.0832	0.0643743
45.6	6.47785	14.4242	0.0651457
45.65	6.58872	13.7943	0.0659349
45.7	6.70231	13.1922	0.066742
45.75	6.81867	12.6168	0.0675671
45.8	6.93784	12.0667	0.0684101
45.85	7.05986	11.5409	0.0692711
45.9	7.18476	11.0383	0.0701503
45.95	7.31259	10.5579	0.0710477
46	7.4434	10.0986	0.0719634
46.05	7.57724	9.65965	0.0728975
46.1	7.71414	9.24001	0.0738501
46.15	7.85417	8.83886	0.0748214
46.2	7.99737	8.45538	0.0758115
46.25	8.14379	8.08879	0.0768204
46.3	8.29349	7.73834	0.0778485
46.35	8.44653	7.40331	0.0788957
46.4	8.60295	7.08302	0.0799623
46.45	8.76282	6.77681	0.0810485
46.5	8.9262	6.48406	0.0821544
46.55	9.09315	6.20418	0.0832801
46.6	9.26373	5.93659	0.084426
46.65	9.43801	5.68075	0.0855922
46.7	9.61604	5.43614	0.0867788
46.75	9.79791	5.20226	0.0879861
46.8	9.98367	4.97864	0.0892144
46.85	10.1734	4.76482	0.0904638
46.9	10.3672	4.56037	0.0917345
46.95	10.5651	4.36488	0.0930269
47	10.7671	4.17794	0.094341
47.05	10.9735	3.99918	0.0956773
47.1	11.1842	3.82824	0.097036
47.15	11.3993	3.66477	0.0984172
47.2	11.6189	3.50845	0.0998213
47.25	11.8432	3.35895	0.101249
47.3	12.0721	3.21598	0.102699
47.35	12.3057	3.07924	0.104174
47.4	12.5443	2.94846	0.105672
47.45	12.7878	2.82339	0.107195
47.5	13.0363	2.70376	0.108742
47.55	13.29	2.58933	0.110315
47.6	13.5489	2.47989	0.111912
47.65	13.8132	2.3752	0.113535
47.7	14.0829	2.27506	0.115185
47.75	14.3581	2.17927	0.11686
47.8	14.639	2.08764	0.118562
47.85	14.9257	1.99997	0.120291
47.9	15.2182	1.91611	0.122047
47.95	15.5168	1.83588	0.123831
48	15.8214	1.75912	0.125643
48.05	16.1323	1.68568	0.127483
48.1	16.4495	1.61541	0.129353
48.15	16.7731	1.54818	0.131251
48.2	17.1034	1.48385	0.133179
48.25	17.4404	1.42229	0.135138
48.3	17.7842	1.36339	0.137126
48.35	18.1351	1.30702	0.139146
48.4	18.493	1.25307	0.141196
48.45	18.8583	1.20145	0.143279
48.5	19.2309	1.15204	0.145394
48.55	19.6111	1.10475	0.147541
48.6	19.999	1.05949	0.149722
48.65	20.3947	1.01616	0.151936
48.7	20.7985	0.974695	0.154184
48.75	21.2104	0.934999	0.156467
48.8	21.6306	0.896999	0.158784
48.85	22.0594	0.86062	0.161138
48.9	22.4967	0.825793	0.163527
48.95	22.943	0.792449	0.165953
49	23.3982	0.760524	0.168416
49.05	23.8626	0.729956	0.170916
49.1	24.3364	0.700686	0.173455
49.15	24.8197	0.672658	0.176033
49.2	25.3127	0.645818	0.17865
49.25	25.8157	0.620114	0.181306
49.3	26.3288	0.595497	0.184003
49.35	26.8523	0.57192	0.186742
49.4	27.3862	0.549338	0.189521
49.45	27.931	0.527707	0.192343
49.5	28.4866	0.506987	0.195208
49.55	29.0535	0.487139	0.198116
49.6	29.6317	0.468124	0.201069
49.65	30.2216	0.449907	0.204066
49.7	30.8233	0.432454	0.207109
49.75	31.4371	0.41573	0.210197
49.8	32.0632	0.399706	0.213333
49.85	32.7019	0.384351	0.216516
49.9	33.3534	0.369636	0.219747
49.95	34.018	0.355534	0.223027
50	34.696	0.342018	0.226357
50.05	35.3875	0.329063	0.229736
50.1	36.093	0.316646	0.233167
50.15	36.8125	0.304744	0.23665
50.2	37.5465	0.293333	0.240185
50.25	38.2953	0.282394	0.243774
50.3	39.059	0.271906	0.247417
50.35	39.8381	0.261851	0.251115
50.4	40.6327	0.252209	0.254868
50.45	41.4433	0.242963	0.258678
50.5	42.2702	0.234096	0.262546
50.55	43.1136	0.225593	0.266472
50.6	43.9739	0.217438	0.270457
50.65	44.8515	0.209615	0.274502
50.7	45.7467	0.202112	0.278608
50.75	46.6597	0.194915	0.282776
50.8	47.5911	0.18801	0.287007
50.85	48.5412	0.181386	0.291301
50.9	49.5102	0.17503	0.29566
50.95	50.4987	0.168932	0.300084
51	51.507	0.163081	0.304576
51.05	52.5354	0.157466	0.309134
51.1	53.5845	0.152077	0.313761
51.15	54.6545	0.146906	0.318458
51.2	55.746	0.141942	0.323226
51.25	56.8594	0.137178	0.328065
51.3	57.995	0.132605	0.332977
51.35	59.1533	0.128216	0.337963
51.4	60.3349	0.124002	0.343024
51.45	61.5401	0.119957	0.348161
51.5	62.7694	0.116073	0.353375
51.55	64.0233	0.112345	0.358667
51.6	65.3024	0.108765	0.364039
51.65	66.607	0.105327	0.369492
51.7	67.9377	0.102026	0.375026
51.75	69.2951	0.098857	0.380644
51.8	70.6796	0.0958135	0.386346
51.85	72.0919	0.0928909	0.392134
51.9	73.5324	0.0900843	0.398009
51.95	75.0017	0.0873891	0.403972
52	76.5004	0.0848008	0.410024
52.05	78.0291	0.0823152	0.416167
52.1	79.5884	0.0799282	0.422403
52.15	81.1789	0.077636	0.428732
52.2	82.8012	0.0754348	0.435157
52.25	84.456	0.0733211	0.441678
52.3	86.1439	0.0712915	0.448296
52.35	87.8656	0.0693427	0.455014
52.4	89.6216	0.0674716	0.461833
52.45	91.4129	0.0656752	0.468754
52.5	93.2399	0.0639508	0.47578
52.55	95.1035	0.0622956	0.48291
52.6	97.0044	0.060707	0.490148
52.65	98.9433	0.0591825	0.497494
52.7	100.921	0.0577198	0.504951
52.75	102.938	0.0563167	0.512519
52.8	104.996	0.0549709	0.520201
52.85	107.095	0.0536804	0.527998
52.9	109.235	0.0524433	0.535913
52.95	111.419	0.0512577	0.543946
53	113.646	0.0501218	0.552099
53.05	115.918	0.0490339	0.560375
53.1	118.235	0.0479925	0.568775
53.15	120.599	0.046996	0.577302
53.2	123.01	0.0460428	0.585956
53.25	125.469	0.0451318	0.59474
53.3	127.977	0.0442615	0.603655
53.35	130.535	0.0434306	0.612705
53.4	133.145	0.0426382	0.62189
53.45	135.807	0.041883	0.631213
53.5	138.522	0.0411639	0.640676
53.55	141.291	0.0404801	0.650281
53.6	144.116	0.0398306	0.66003
53.65	146.997	0.0392146	0.669925
53.7	149.936	0.0386312	0.679969
53.75	152.933	0.0380797	0.690163
53.8	155.991	0.0375595	0.70051
53.85	159.109	0.0370699	0.711013
53.9	162.29	0.0366103	0.721672
53.95	165.535	0.0361802	0.732492
54	168.844	0.0357793	0.743474
54.05	172.22	0.035407	0.754621
54.1	175.663	0.035063	0.765935
54.15	179.175	0.0347471	0.777419
54.2	182.758	0.0344591	0.789075
54.25	186.411	0.0341986	0.800905
54.3	190.138	0.0339658	0.812913
54.35	193.94	0.0337604	0.825102
54.4	197.817	0.0335825	0.837473
54.45	201.772	0.0334322	0.850029
54.5	205.806	0.0333096	0.862774
54.55	209.921	0.033215	0.87571
54.6	214.118	0.0331486	0.888839
54.65	218.399	0.0331108	0.902166
54.7	222.766	0.0331021	0.915693
54.75	227.22	0.0331229	0.929422
54.8	231.762	0.033174	0.943357
54.85	236.396	0.033256	0.957501
54.9	241.123	0.0333697	0.971857
54.95	245.943	0.033516	0.986429
55	250.861	0.0336961	1.00122
55.05	255.876	0.033911	1.01623
55.1	260.992	0.0341621	1.03147
55.15	266.21	0.0344508	1.04693
55.2	271.532	0.0347788	1.06263
55.25	276.961	0.0351477	1.07856
55.3	282.498	0.0355596	1.09473
55.35	288.146	0.0360166	1.11114
55.4	293.907	0.036521	1.1278
55.45	299.783	0.0370756	1.14471
55.5	305.777	0.0376832	1.16187
55.55	311.89	0.038347	1.17929
55.6	318.125	0.0390704	1.19697
55.65	324.485	0.0398572	1.21492
55.7	330.972	0.0407118	1.23313
55.75	337.589	0.0416387	1.25162
55.8	344.338	0.0426431	1.27038
55.85	351.222	0.0437306	1.28943
55.9	358.243	0.0449075	1.30876
55.95	365.405	0.0461804	1.32838
56	372.71	0.0475571	1.34829
56.05	380.16	0.049046	1.3685
56.1	387.76	0.0506561	1.38902
56.15	395.511	0.0523979	1.40984
56.2	403.417	0.0542826	1.43097
56.25	411.481	0.0563229	1.45242
56.3	419.706	0.0585328	1.47419
56.35	428.095	0.0609279	1.49629
56.4	436.652	0.0635255	1.51871
56.45	445.379	0.066345	1.54147
56.5	454.281	0.0694081	1.56458
56.55	463.36	0.072739	1.58802
56.6	472.621	0.0763648	1.61182
56.65	482.066	0.0803159	1.63597
56.7	491.7	0.0846266	1.66049
56.75	501.525	0.0893354	1.68537
56.8	511.547	0.0944857	1.71062
56.85	521.768	0.100127	1.73624
56.9	532.193	0.106314	1.76225
56.95	542.826	0.113109	1.78865
57	553.67	0.120586	1.81544
57.05	564.73	0.128823	1.84263
57.1	576.01	0.137915	1.87022
57.15	587.514	0.147967	1.89822
57.2	599.247	0.159099	1.92664
57.25	611.213	0.171451	1.95547
57.3	623.416	0.18518	1.98474
57.35	635.862	0.200472	2.01444
57.4	648.553	0.217536	2.04457
57.45	661.496	0.236617	2.07515
57.5	674.695	0.257997	2.10618
57.55	688.154	0.282006	2.13767
57.6	701.878	0.309025	2.16961
57.65	715.872	0.3395	2.20202
57.7	730.141	0.37395	2.2349
57.75	744.689	0.412988	2.26826
57.8	759.522	0.457328	2.30209
57.85	774.643	0.507815	2.33641
57.9	790.057	0.565445	2.37122
57.95	805.769	0.631395	2.40652
58	821.782	0.707065	2.44232
58.05	838.102	0.794116	2.47861
58.1	854.731	0.894531	2.51539
58.15	871.672	1.01068	2.55267
58.2	888.929	1.14541	2.59045
58.25	906.504	1.30213	2.62871
58.3	924.398	1.48497	2.66746
58.35	942.612	1.6989	2.70668
58.4	961.144	1.94996	2.74636
58.45	979.992	2.24549	2.78648
58.5	999.152	2.59442	2.82703
58.55	1018.62	3.00771	2.86797
58.6	1038.38	3.49874	2.90926
58.65	1058.42	4.08398	2.95086
58.7	1078.72	4.78374	2.99272
58.75	1099.26	5.6231	3.03474
58.8	1120.01	6.6331	3.07685
58.85	1140.93	7.85233	3.11892
58.9	1161.95	9.32875	3.16081
58.95	1183.02	11.1222	3.20232
59	1204.05	13.3072	3.24323
59.05	1224.93	15.9772	3.28325
59.1	1245.51	19.2488	3.32201
59.15	1265.63	23.2679	3.35905
59.2	1285.05	28.2167	3.3938
59.25	1303.5	34.3224	3.42556
59.3	1320.62	41.867	3.45343
59.35	1335.98	51.1988	3.47631
59.4	1349.02	62.7442	3.49286
59.45	1359.07	77.0194	3.50142
59.5	1365.32	94.6386	3.50001
59.55	1366.78	116.316	3.48626
59.6	1362.32	142.854	3.45745
59.65	1350.64	175.112	3.41053
59.7	1330.35	213.941	3.34224
59.75	1300.04	260.079	3.24937
59.8	1258.42	313.996	3.12909
59.85	1204.56	375.698	2.97952
59.9	1138.14	444.521	2.80034
59.95	1059.71	518.962	2.59338
60	970.919	596.628	2.36311
60.05	874.482	674.38	2.11657
60.1	774.025	748.681	1.86285
60.15	673.606	816.095	1.61185
60.2	577.133	873.794	1.37295
60.25	487.816	919.925	1.15361
60.3	407.822	953.738	0.958664
60.35	338.187	975.479	0.790181
60.4	278.972	986.135	0.647873
60.45	229.531	987.133	0.529813
60.5	188.806	980.073	0.433161
60.55	155.573	966.534	0.354753
60.6	128.611	947.958	0.291498
60.65	106.8	925.593	0.240605
60.7	89.1652	900.485	0.199673
60.75	74.8902	873.48	0.166708
60.8	63.3049	845.257	0.140085
60.85	53.8692	816.348	0.118505
60.9	46.1514	787.164	0.100934
60.95	39.8087	758.022	0.086558
61	34.5697	729.163	0.0747338
61.05	30.2197	700.767	0.0649562
61.1	26.5887	672.967	0.0568267
61.15	23.5418	645.859	0.0500306
61.2	20.9717	619.51	0.0443185
61.25	18.7927	593.966	0.0394921
61.3	16.9361	569.253	0.0353931
61.35	15.3467	545.388	0.0318945
61.4	13.9796	522.373	0.0288939
61.45	12.7987	500.206	0.0263086
61.5	11.7743	478.877	0.0240713
61.55	10.8821	458.372	0.022127
61.6	10.1021	438.673	0.0204304
61.65	9.41784	419.761	0.0189444
61.7	8.81554	401.613	0.0176381
61.75	8.28377	384.207	0.016486
61.8	7.81291	367.52	0.0154664
61.85	7.39488	351.526	0.0145616
61.9	7.02288	336.202	0.0137563
61.95	6.69112	321.524	0.0130376
62	6.39467	307.467	0.0123948
62.05	6.12933	294.009	0.0118185
62.1	5.89151	281.125	0.0113009
62.15	5.67809	268.795	0.010835
62.2	5.4864	256.994	0.010415
62.25	5.31413	245.703	0.0100359
62.3	5.15928	234.901	0.0096933
62.35	5.02008	224.566	0.00938331
62.4	4.89501	214.681	0.00910262
62.45	4.78274	205.226	0.00884833
62.5	4.68208	196.184	0.00861787
62.55	4.59202	187.536	0.008409
62.6	4.51162	179.266	0.00821974
62.65	4.4401	171.359	0.00804833
62.7	4.37673	163.798	0.00789323
62.75	4.32089	156.569	0.00775305
62.8	4.272	149.657	0.00762657
62.85	4.22957	143.049	0.00751269
62.9	4.19316	136.732	0.00741044
62.95	4.16235	130.693	0.00731895
63	4.1368	124.921	0.00723743
63.05	4.11618	119.402	0.00716517
63.1	4.10021	114.127	0.00710154
63.15	4.08862	109.085	0.00704596
63.2	4.0812	104.265	0.00699793
63.25	4.07771	99.6585	0.00695697
63.3	4.07799	95.2553	0.00692266
63.35	4.08186	91.0467	0.00689462
63.4	4.08917	87.0242	0.00687249
63.45	4.09978	83.1796	0.00685596
63.5	4.11358	79.5051	0.00684475
63.55	4.13044	75.9931	0.00683858
63.6	4.15027	72.6366	0.00683722
63.65	4.17298	69.4287	0.00684045
63.7	4.1985	66.3628	0.00684808
63.75	4.22674	63.4327	0.00685991
63.8	4.25765	60.6323	0.00687578
63.85	4.29118	57.956	0.00689553
63.9	4.32726	55.3982	0.00691904
63.95	4.36586	52.9537	0.00694617
64	4.40694	50.6175	0.00697679
64.05	4.45047	48.3849	0.00701082
64.1	4.49641	46.2511	0.00704813
64.15	4.54474	44.2119	0.00708866
64.2	4.59545	42.2631	0.00713231
64.25	4.64852	40.4006	0.00717901
64.3	4.70393	38.6207	0.00722868
64.35	4.76167	36.9196	0.00728128
64.4	4.82175	35.2938	0.00733673
64.45	4.88414	33.7401	0.007395
64.5	4.94887	32.2553	0.00745602
64.55	5.01592	30.8362	0.00751976
64.6	5.08531	29.48	0.00758618
64.65	5.15703	28.1838	0.00765525
64.7	5.2311	26.9451	0.00772692
64.75	5.30753	25.7612	0.00780119
64.8	5.38634	24.6297	0.00787801
64.85	5.46753	23.5484	0.00795737
64.9	5.55113	22.5149	0.00803926
64.95	5.63716	21.5271	0.00812365
65	5.72563	20.5831	0.00821053
65.05	5.81657	19.6808	0.00829988
65.1	5.91001	18.8185	0.00839171
65.15	6.00596	17.9943	0.008486
65.2	6.10447	17.2066	0.00858275
65.25	6.20555	16.4536	0.00868196
65.3	6.30924	15.734	0.00878362
65.35	6.41557	15.0462	0.00888773
65.4	6.52458	14.3888	0.0089943
65.45	6.63629	13.7604	0.00910334
65.5	6.75076	13.1598	0.00921483
65.55	6.868	12.5857	0.0093288
65.6	6.98808	12.037	0.00944525
65.65	7.11101	11.5124	0.00956419
65.7	7.23686	11.0111	0.00968563
65.75	7.36566	10.5318	0.00980959
65.8	7.49746	10.0737	0.00993607
65.85	7.6323	9.63578	0.0100651
65.9	7.77024	9.21716	0.0101967
65.95	7.91132	8.81699	0.0103308
66	8.0556	8.43445	0.0104676
66.05	8.20312	8.06876	0.0106069
66.1	8.35395	7.71916	0.0107489
66.15	8.50813	7.38495	0.0108936
66.2	8.66572	7.06545	0.0110409
66.25	8.82679	6.75999	0.0111909
66.3	8.99139	6.46796	0.0113436
66.35	9.15959	6.18877	0.0114991
66.4	9.33145	5.92184	0.0116573
66.45	9.50702	5.66663	0.0118184
66.5	9.68639	5.42262	0.0119823
66.55	9.86961	5.18932	0.012149
66.6	10.0568	4.96625	0.0123186
66.65	10.2479	4.75296	0.0124912
66.7	10.4431	4.54902	0.0126667
66.75	10.6425	4.35401	0.0128452
66.8	10.8461	4.16753	0.0130266
66.85	11.0539	3.98922	0.0132112
66.9	11.2662	3.8187	0.0133988
66.95	11.4829	3.65564	0.0135896
67	11.7042	3.4997	0.0137835
67.05	11.9301	3.35058	0.0139806
67.1	12.1607	3.20796	0.0141809
67.15	12.3961	3.07156	0.0143845
67.2	12.6364	2.94112	0.0145915
67.25	12.8817	2.81635	0.0148018
67.3	13.1321	2.69702	0.0150154
67.35	13.3876	2.58288	0.0152326
67.4	13.6485	2.47371	0.0154532
67.45	13.9147	2.36929	0.0156773
67.5	14.1864	2.2694	0.0159051
67.55	14.4637	2.17385	0.0161364
67.6	14.7467	2.08244	0.0163715
67.65	15.0355	1.995	0.0166102
67.7	15.3302	1.91135	0.0168527
67.75	15.6309	1.83132	0.0170991
67.8	15.9378	1.75476	0.0173493
67.85	16.251	1.6815	0.0176035
67.9	16.5705	1.61141	0.0178616
67.95	16.8966	1.54435	0.0181238
68	17.2293	1.48018	0.01839
68.05	17.5688	1.41878	0.0186604
68.1	17.9152	1.36002	0.018935
68.15	18.2686	1.3038	0.0192139
68.2	18.6292	1.24999	0.0194971
68.25	18.9971	1.19849	0.0197847
68.3	19.3725	1.14921	0.0200767
68.35	19.7555	1.10204	0.0203733
68.4	20.1463	1.05689	0.0206744
68.45	20.545	1.01368	0.0209801
68.5	20.9517	0.972318	0.0212906
68.55	21.3667	0.932723	0.0216058
68.6	21.79	0.894819	0.0219258
68.65	22.2219	0.858533	0.0222508
68.7	22.6625	0.823794	0.0225808
68.75	23.112	0.790535	0.0229157
68.8	23.5706	0.758692	0.0232559
68.85	24.0385	0.728202	0.0236012
68.9	24.5157	0.699007	0.0239517
68.95	25.0026	0.67105	0.0243077
69	25.4993	0.644278	0.024669
69.05	26.006	0.61864	0.0250359
69.1	26.5229	0.594086	0.0254083
69.15	27.0502	0.570569	0.0257864
69.2	27.5881	0.548045	0.0261703
69.25	28.1369	0.52647	0.02656
69.3	28.6967	0.505803	0.0269556
69.35	29.2677	0.486005	0.0273572
69.4	29.8502	0.467039	0.0277649
69.45	30.4444	0.448869	0.0281788
69.5	31.0506	0.43146	0.0285989
69.55	31.6689	0.41478	0.0290254
69.6	32.2996	0.398796	0.0294584
69.65	32.9431	0.38348	0.0298979
69.7	33.5994	0.368803	0.0303441
69.75	34.2689	0.354737	0.030797
69.8	34.9519	0.341256	0.0312568
69.85	35.6485	0.328334	0.0317235
69.9	36.3591	0.315949	0.0321973
69.95	37.084	0.304077	0.0326782
70	37.8234	0.292696	0.0331664
70.05	38.5777	0.281785	0.0336619
70.1	39.3471	0.271324	0.034165
70.15	40.1319	0.261294	0.0346756
70.2	40.9324	0.251676	0.0351939
70.25	41.749	0.242454	0.0357201
70.3	42.582	0.23361	0.0362541
70.35	43.4316	0.225129	0.0367962
70.4	44.2983	0.216994	0.0373465
70.45	45.1823	0.209192	0.0379051
70.5	46.0841	0.201708	0.0384721
70.55	47.0039	0.194529	0.0390476
70.6	47.9422	0.187642	0.0396318
70.65	48.8992	0.181035	0.0402248
70.7	49.8754	0.174695	0.0408267
70.75	50.8712	0.168613	0.0414377
70.8	51.8869	0.162777	0.0420579
70.85	52.9229	0.157176	0.0426874
70.9	53.9797	0.151801	0.0433263
70.95	55.0577	0.146643	0.0439749
71	56.1572	0.141693	0.0446333
71.05	57.2788	0.136941	0.0453015
71.1	58.4228	0.13238	0.0459798
71.15	59.5897	0.128002	0.0466682
71.2	60.78	0.123799	0.0473671
71.25	61.9941	0.119764	0.0480764
71.3	63.2325	0.11589	0.0487964
71.35	64.4957	0.112171	0.0495272
71.4	65.7841	0.108601	0.050269
71.45	67.0984	0.105172	0.051022
71.5	68.4389	0.10188	0.0517862
71.55	69.8063	0.0987188	0.052562
71.6	71.2011	0.0956833	0.0533493
71.65	72.6237	0.0927684	0.0541486
71.7	74.0748	0.0899692	0.0549598
71.75	75.555	0.0872811	0.0557832
71.8	77.0648	0.0846997	0.056619
71.85	78.6048	0.0822207	0.0574673
71.9	80.1756	0.0798402	0.0583284
71.95	81.7778	0.0775541	0.0592024
72	83.4121	0.0753589	0.0600895
72.05	85.0791	0.073251	0.0609899
72.1	86.7794	0.0712269	0.0619039
72.15	88.5138	0.0692835	0.0628315
72.2	90.2828	0.0674177	0.0637731
72.25	92.0873	0.0656264	0.0647289
72.3	93.9278	0.0639069	0.065699
72.35	95.8052	0.0622565	0.0666836
72.4	97.7201	0.0606725	0.067683
72.45	99.6733	0.0591526	0.0686975
72.5	101.666	0.0576943	0.0697271
72.55	103.698	0.0562954	0.0707722
72.6	105.77	0.0549538	0.071833
72.65	107.885	0.0536674	0.0729097
72.7	110.041	0.0524343	0.0740026
72.75	112.241	0.0512526	0.0751118
72.8	114.485	0.0501206	0.0762377
72.85	116.773	0.0490365	0.0773805
72.9	119.107	0.0479987	0.0785405
72.95	121.488	0.0470058	0.0797178
73	123.917	0.0460563	0.0809129
73.05	126.394	0.0451487	0.0821258
73.1	128.921	0.0442819	0.0833569
73.15	131.498	0.0434546	0.0846066
73.2	134.127	0.0426656	0.0858749
73.25	136.809	0.0419138	0.0871623
73.3	139.544	0.0411981	0.088469
73.35	142.333	0.0405177	0.0897953
73.4	145.179	0.0398716	0.0911415
73.45	148.081	0.039259	0.0925079
73.5	151.042	0.038679	0.0938948
73.55	154.061	0.038131	0.0953025
73.6	157.141	0.0376142	0.0967313
73.65	160.283	0.0371281	0.0981816
73.7	163.488	0.0366721	0.0996536
73.75	166.756	0.0362456	0.101148
73.8	170.09	0.0358483	0.102664
73.85	173.491	0.0354798	0.104203
73.9	176.959	0.0351396	0.105766
73.95	180.497	0.0348276	0.107351
74	184.106	0.0345435	0.108961
74.05	187.787	0.0342872	0.110595
74.1	191.541	0.0340585	0.112253
74.15	195.371	0.0338575	0.113936
74.2	199.277	0.0336841	0.115644
74.25	203.261	0.0335384	0.117378
74.3	207.325	0.0334207	0.119138
74.35	211.47	0.033331	0.120924
74.4	215.698	0.0332698	0.122737
74.45	220.01	0.0332375	0.124577
74.5	224.409	0.0332344	0.126445
74.55	228.896	0.0332611	0.128341
74.6	233.472	0.0333183	0.130265
74.65	238.14	0.0334068	0.132218
74.7	242.901	0.0335273	0.134201
74.75	247.758	0.0336808	0.136213
74.8	252.711	0.0338684	0.138255
74.85	257.764	0.0340913	0.140328
74.9	262.917	0.0343508	0.142432
74.95	268.174	0.0346484	0.144568
75	273.535	0.0349857	0.146735
75.05	279.004	0.0353647	0.148935
75.1	284.582	0.0357871	0.151168
75.15	290.272	0.0362554	0.153434
75.2	296.075	0.0367719	0.155735
75.25	301.995	0.0373393	0.15807
75.3	308.032	0.0379606	0.16044
75.35	314.19	0.038639	0.162845
75.4	320.472	0.0393781	0.165286
75.45	326.879	0.0401817	0.167764
75.5	333.414	0.0410543	0.17028
75.55	340.079	0.0420007	0.172832
75.6	346.878	0.0430259	0.175423
75.65	353.813	0.0441359	0.178053
75.7	360.886	0.045337	0.180722
75.75	368.1	0.0466362	0.183432
75.8	375.459	0.0480413	0.186181
75.85	382.964	0.0495609	0.188972
75.9	390.62	0.0512044	0.191805
75.95	398.428	0.0529825	0.19468
76	406.392	0.0549067	0.197598
76.05	414.516	0.0569901	0.20056
76.1	422.801	0.0592469	0.203566
76.15	431.252	0.0616933	0.206617
76.2	439.872	0.0643472	0.209714
76.25	448.664	0.0672283	0.212857
76.3	457.631	0.0703591	0.216047
76.35	466.777	0.0737644	0.219285
76.4	476.106	0.0774723	0.222571
76.45	485.621	0.0815139	0.225906
76.5	495.325	0.0859247	0.229291
76.55	505.223	0.0907444	0.232726
76.6	515.319	0.0960176	0.236213
76.65	525.615	0.101795	0.239751
76.7	536.117	0.108134	0.243343
76.75	546.827	0.115099	0.246988
76.8	557.751	0.122765	0.250687
76.85	568.893	0.131215	0.254441
76.9	580.256	0.140545	0.258251
76.95	591.844	0.150864	0.262117
77	603.663	0.162297	0.266041
77.05	615.717	0.174988	0.270023
77.1	628.01	0.189102	0.274064
77.15	640.546	0.204829	0.278165
77.2	653.331	0.222387	0.282326
77.25	666.369	0.242031	0.286548
77.3	679.664	0.264054	0.290833
77.35	693.221	0.288797	0.29518
77.4	707.045	0.316656	0.29959
77.45	721.142	0.348097	0.304065
77.5	735.514	0.38366	0.308605
77.55	750.168	0.423981	0.31321
77.6	765.108	0.469808	0.317882
77.65	780.338	0.522018	0.32262
77.7	795.863	0.581653	0.327426
77.75	811.688	0.649941	0.332299
77.8	827.816	0.728344	0.337241
77.85	844.252	0.818599	0.34225
77.9	860.999	0.922782	0.347328
77.95	878.06	1.04337	0.352474
78	895.438	1.18335	0.357687
78.05	913.135	1.3463	0.362968
78.1	931.152	1.53654	0.368315
78.15	949.488	1.75929	0.373726
78.2	968.144	2.02091	0.3792
78.25	987.116	2.32909	0.384735
78.3	1006.4	2.69327	0.390327
78.35	1025.98	3.12493	0.395972
78.4	1045.86	3.63821	0.401664
78.45	1066.02	4.25047	0.407396
78.5	1086.43	4.98312	0.413161
78.55	1107.08	5.86264	0.418947
78.6	1127.92	6.92184	0.42474
78.65	1148.92	8.20148	0.430523
78.7	1170.01	9.75229	0.436274
78.75	1191.13	11.6376	0.441968
78.8	1212.18	13.9363	0.447568
78.85	1233.05	16.7472	0.453035
78.9	1253.58	20.1939	0.458313
78.95	1273.59	24.4308	0.463336
79	1292.83	29.6507	0.468022
79.05	1311.02	36.0938	0.472267
79.1	1327.78	44.0579	0.475942
79.15	1342.64	53.9103	0.478887
79.2	1355.01	66.0993	0.480907
79.25	1364.2	81.1658	0.481763
79.3	1369.34	99.7498	0.481169
79.35	1369.41	122.59	0.478788
79.4	1363.22	150.509	0.47423
79.45	1349.45	184.371	0.467069
79.5	1326.68	225.011	0.456852
79.55	1293.51	273.117	0.443145
79.6	1248.72	329.059	0.425587
79.65	1191.52	392.694	0.403962
79.7	1121.77	463.154	0.378294
79.75	1040.29	538.708	0.348927
79.8	949.015	616.749	0.316567
79.85	850.935	693.992	0.282267
79.9	749.845	766.875	0.247323
79.95	649.835	832.066	0.2131
80	554.69	886.961	0.180833
80.05	467.386	929.985	0.151468
80.1	389.802	960.661	0.125567
80.15	322.704	979.453	0.103325
80.2	265.943	987.49	0.0846345
80.25	218.739	986.268	0.0691889
80.3	179.967	977.396	0.056579
80.35	148.386	962.428	0.0463676
80.4	122.792	942.762	0.0381381
80.45	102.095	919.594	0.0315191
80.5	85.3597	893.916	0.0261949
80.55	71.806	866.532	0.0219046
80.6	60.7977	838.078	0.018437
80.65	51.823	809.053	0.0156232
80.7	44.4739	779.844	0.0133296
80.75	38.4269	750.746	0.0114505
80.8	33.4256	721.983	0.00990299
80.85	29.2676	693.721	0.00862157
80.9	25.7922	666.083	0.0075547
80.95	22.8721	639.158	0.00666161
81	20.4058	613.005	0.00590997
81.05	18.3121	587.665	0.00527405
81.1	16.5261	563.163	0.00473329
81.15	14.9952	539.51	0.00427116
81.2	13.6771	516.709	0.00387436
81.25	12.5373	494.753	0.0035321
81.3	11.5474	473.632	0.00323558
81.35	10.6845	453.331	0.00297761
81.4	9.9295	433.831	0.00275231
81.45	9.26655	415.113	0.00255479
81.5	8.68255	397.154	0.002381
81.55	8.16653	379.931	0.00222759
81.6	7.70932	363.42	0.00209174
81.65	7.30316	347.597	0.00197108
81.7	6.94151	332.438	0.00186362
81.75	6.61882	317.918	0.00176767
81.8	6.33035	304.015	0.00168179
81.85	6.07205	290.703	0.00160476
81.9	5.84046	277.961	0.00153553
81.95	5.63258	265.766	0.00147319
82	5.44585	254.096	0.00141699
82.05	5.27801	242.93	0.00136623
82.1	5.12713	232.248	0.00132035
82.15	4.99152	222.028	0.00127882
82.2	4.8697	212.253	0.00124122
82.25	4.76037	202.904	0.00120714
82.3	4.6624	193.963	0.00117626
82.35	4.57478	185.412	0.00114828
82.4	4.49663	177.235	0.00112292
82.45	4.42717	169.417	0.00109996
82.5	4.36571	161.941	0.00107919
82.55	4.31163	154.793	0.00106043
82.6	4.26438	147.959	0.0010435
82.65	4.22347	141.426	0.00102828
82.7	4.18848	135.181	0.00101461
82.75	4.15901	129.21	0.0010024
82.8	4.13471	123.502	0.000991535
82.85	4.11528	118.046	0.000981916
82.9	4.10042	112.831	0.000973463
82.95	4.0899	107.846	0.000966097
83	4.08348	103.081	0.000959751
83.05	4.08097	98.5266	0.000954361
83.1	4.08217	94.1734	0.00094987
83.15	4.08693	90.0126	0.000946228
83.2	4.09509	86.0358	0.000943386
83.25	4.10653	82.2348	0.000941304
83.3	4.12112	78.6021	0.000939942
83.35	4.13875	75.13	0.000939265
83.4	4.15934	71.8117	0.000939241
83.45	4.18279	68.6403	0.00093984
83.5	4.20902	65.6092	0.000941035
83.55	4.23797	62.7125	0.000942802
83.6	4.26958	59.944	0.000945119
83.65	4.30378	57.2981	0.000947965
83.7	4.34054	54.7694	0.000951321
83.75	4.3798	52.3528	0.000955171
83.8	4.42154	50.0432	0.000959497
83.85	4.46572	47.836	0.000964286
83.9	4.51231	45.7265	0.000969525
83.95	4.56129	43.7106	0.000975201
84	4.61264	41.7839	0.000981304
84.05	4.66634	39.9427	0.000987823
84.1	4.72239	38.183	0.000994749
84.15	4.78078	36.5012	0.00100207
84.2	4.84149	34.894	0.00100979
84.25	4.90454	33.358	0.00101789
84.3	4.96991	31.8901	0.00102637
84.35	5.03761	30.4872	0.00103522
84.4	5.10764	29.1464	0.00104443
84.45	5.18002	27.865	0.00105401
84.5	5.25475	26.6404	0.00106395
84.55	5.33185	25.47	0.00107424
84.6	5.41133	24.3514	0.00108488
84.65	5.4932	23.2824	0.00109587
84.7	5.57748	22.2606	0.0011072
84.75	5.6642	21.2841	0.00111888
84.8	5.75337	20.3508	0.0011309
84.85	5.84502	19.4588	0.00114326
84.9	5.93918	18.6063	0.00115596
84.95	6.03586	17.7915	0.001169
85	6.1351	17.0127	0.00118238
85.05	6.23693	16.2684	0.00119609
85.1	6.34137	15.5569	0.00121014
85.15	6.44847	14.8769	0.00122452
85.2	6.55825	14.227	0.00123925
85.25	6.67076	13.6058	0.00125431
85.3	6.78602	13.012	0.00126971
85.35	6.90408	12.4444	0.00128545
85.4	7.02498	11.9019	0.00130154
85.45	7.14875	11.3833	0.00131796
85.5	7.27545	10.8876	0.00133473
85.55	7.40512	10.4138	0.00135184
85.6	7.5378	9.9609	0.00136931
85.65	7.67354	9.52795	0.00138712
85.7	7.81239	9.11408	0.00140528
85.75	7.95439	8.71845	0.0014238
85.8	8.09961	8.34025	0.00144267
85.85	8.24809	7.9787	0.00146191
85.9	8.39989	7.63306	0.0014815
85.95	8.55507	7.30264	0.00150146
86	8.71368	6.98675	0.00152179
86.05	8.87577	6.68475	0.00154249
86.1	9.04142	6.39602	0.00156357
86.15	9.21068	6.11999	0.00158502
86.2	9.38362	5.85607	0.00160686
86.25	9.56031	5.60375	0.00162908
86.3	9.7408	5.3625	0.00165169
86.35	9.92517	5.13183	0.00167469
86.4	10.1135	4.91128	0.00169809
86.45	10.3058	4.7004	0.0017219
86.5	10.5022	4.49876	0.00174611
86.55	10.7028	4.30594	0.00177073
86.6	10.9077	4.12157	0.00179576
86.65	11.1168	3.94527	0.00182122
86.7	11.3304	3.77667	0.0018471
86.75	11.5485	3.61545	0.00187341
86.8	11.7711	3.46126	0.00190016
86.85	11.9984	3.31381	0.00192735
86.9	12.2304	3.1728	0.00195498
86.95	12.4672	3.03794	0.00198306
87	12.709	2.90895	0.0020116
87.05	12.9558	2.78559	0.00204061
87.1	13.2077	2.6676	0.00207008
87.15	13.4648	2.55474	0.00210003
87.2	13.7272	2.44679	0.00213045
87.25	13.995	2.34353	0.00216137
87.3	14.2684	2.24476	0.00219278
87.35	14.5473	2.15028	0.00222468
87.4	14.832	2.0599	0.0022571
87.45	15.1225	1.97343	0.00229002
87.5	15.419	1.89072	0.00232347
87.55	15.7216	1.81158	0.00235744
87.6	16.0303	1.73587	0.00239195
87.65	16.3453	1.66343	0.002427
87.7	16.6668	1.59412	0.0024626
87.75	16.9948	1.5278	0.00249875
87.8	17.3295	1.46435	0.00253547
87.85	17.6711	1.40363	0.00257276
87.9	18.0195	1.34553	0.00261063
87.95	18.3751	1.28992	0.00264908
88	18.7378	1.23671	0.00268814
88.05	19.1079	1.18579	0.00272779
88.1	19.4856	1.13705	0.00276806
88.15	19.8708	1.0904	0.00280896
88.2	20.2639	1.04575	0.00285048
88.25	20.665	1.00301	0.00289264
88.3	21.0741	0.962107	0.00293545
88.35	21.4916	0.922949	0.00297892
88.4	21.9174	0.885462	0.00302305
88.45	22.3519	0.849575	0.00306786
88.5	22.7951	0.815218	0.00311336
88.55	23.2473	0.782324	0.00315955
88.6	23.7086	0.75083	0.00320645
88.65	24.1792	0.720674	0.00325406
88.7	24.6593	0.691798	0.0033024
88.75	25.1491	0.664147	0.00335148
88.8	25.6487	0.637668	0.00340131
88.85	26.1584	0.612309	0.0034519
88.9	26.6784	0.588023	0.00350325
88.95	27.2088	0.564762	0.00355539
89	27.7499	0.542483	0.00360832
89.05	28.3019	0.521142	0.00366205
89.1	28.865	0.5007	0.0037166
89.15	29.4394	0.481117	0.00377198
89.2	30.0254	0.462356	0.00382819
89.25	30.6231	0.444382	0.00388526
89.3	31.2329	0.427161	0.0039432
89.35	31.8549	0.410661	0.00400201
89.4	32.4893	0.39485	0.00406171
89.45	33.1366	0.379699	0.00412231
89.5	33.7968	0.365179	0.00418384
89.55	34.4702	0.351264	0.00424629
89.6	35.1572	0.337927	0.00430968
89.65	35.858	0.325144	0.00437404
89.7	36.5728	0.312891	0.00443936
89.75	37.302	0.301146	0.00450568
89.8	38.0458	0.289886	0.00457299
89.85	38.8045	0.279091	0.00464132
89.9	39.5784	0.268741	0.00471068
89.95	40.3678	0.258818	0.00478109
90	41.1731	0.249303	0.00485256
90.05	41.9945	0.240178	0.0049251
90.1	42.8324	0.231428	0.00499874
90.15	43.6871	0.223036	0.00507349
90.2	44.5589	0.214987	0.00514937
90.25	45.4481	0.207267	0.00522639
90.3	46.3552	0.199862	0.00530457
90.35	47.2804	0.192758	0.00538392
90.4	48.2242	0.185944	0.00546448
90.45	49.1869	0.179405	0.00554624
90.5	50.1689	0.173133	0.00562923
90.55	51.1705	0.167114	0.00571348
90.6	52.1922	0.161338	0.00579899
90.65	53.2344	0.155796	0.00588579
90.7	54.2974	0.150477	0.00597389
90.75	55.3817	0.145373	0.00606332
90.8	56.4878	0.140473	0.00615409
90.85	57.6159	0.135771	0.00624623
90.9	58.7667	0.131257	0.00633975
90.95	59.9405	0.126924	0.00643468
91	61.1378	0.122765	0.00653104
91.05	62.359	0.118772	0.00662885
91.1	63.6047	0.114938	0.00672812
91.15	64.8754	0.111257	0.00682889
91.2	66.1714	0.107723	0.00693117
91.25	67.4934	0.10433	0.00703499
91.3	68.8419	0.101072	0.00714037
91.35	70.2173	0.097943	0.00724733
91.4	71.6203	0.0949387	0.0073559
91.45	73.0513	0.0920536	0.00746609
91.5	74.511	0.0892832	0.00757795
91.55	75.9999	0.0866227	0.00769148
91.6	77.5186	0.0840678	0.00780672
91.65	79.0677	0.0816143	0.00792369
91.7	80.6477	0.0792581	0.00804242
91.75	82.2594	0.0769956	0.00816293
91.8	83.9033	0.074823	0.00828524
91.85	85.5801	0.0727367	0.0084094
91.9	87.2905	0.0707335	0.00853542
91.95	89.0351	0.0688102	0.00866333
92	90.8145	0.0669637	0.00879316
92.05	92.6296	0.065191	0.00892494
92.1	94.481	0.0634894	0.0090587
92.15	96.3694	0.0618562	0.00919446
92.2	98.2956	0.0602888	0.00933226
92.25	100.26	0.0587848	0.00947214
92.3	102.264	0.0573419	0.00961411
92.35	104.308	0.0559579	0.00975821
92.4	106.393	0.0546306	0.00990447
92.45	108.52	0.0533581	0.0100529
92.5	110.689	0.0521383	0.0102036
92.55	112.902	0.0509695	0.0103566
92.6	115.159	0.0498499	0.0105118
92.65	117.461	0.0487778	0.0106694
92.7	119.809	0.0477517	0.0108293
92.75	122.204	0.0467701	0.0109917
92.8	124.647	0.0458315	0.0111564
92.85	127.139	0.0449346	0.0113237
92.9	129.68	0.0440781	0.0114934
92.95	132.273	0.0432607	0.0116657
93	134.917	0.0424814	0.0118406
93.05	137.614	0.0417391	0.0120181
93.1	140.366	0.0410326	0.0121983
93.15	143.172	0.0403612	0.0123812
93.2	146.034	0.0397239	0.0125668
93.25	148.954	0.0391198	0.0127552
93.3	151.931	0.0385482	0.0129464
93.35	154.969	0.0380084	0.0131405
93.4	158.067	0.0374997	0.0133375
93.45	161.227	0.0370215	0.0135375
93.5	164.451	0.0365733	0.0137404
93.55	167.738	0.0361546	0.0139464
93.6	171.092	0.0357649	0.0141555
93.65	174.513	0.0354038	0.0143678
93.7	178.002	0.0350711	0.0145832
93.75	181.56	0.0347666	0.0148018
93.8	185.19	0.0344899	0.0150238
93.85	188.893	0.0342409	0.015249
93.9	192.669	0.0340196	0.0154776
93.95	196.522	0.0338259	0.0157097
94	200.451	0.03366	0.0159452
94.05	204.458	0.0335218	0.0161843
94.1	208.546	0.0334116	0.016427
94.15	212.716	0.0333296	0.0166733
94.2	216.969	0.0332762	0.0169232
94.25	221.306	0.0332517	0.017177
94.3	225.731	0.0332567	0.0174345
94.35	230.244	0.0332917	0.0176959
94.4	234.848	0.0333574	0.0179612
94.45	239.543	0.0334545	0.0182305
94.5	244.332	0.033584	0.0185039
94.55	249.217	0.0337468	0.0187813
94.6	254.2	0.033944	0.0190629
94.65	259.282	0.0341769	0.0193487
94.7	264.466	0.0344468	0.0196388
94.75	269.754	0.0347552	0.0199333
94.8	275.147	0.0351039	0.0202321
94.85	280.648	0.0354948	0.0205355
94.9	286.259	0.0359298	0.0208434
94.95	291.982	0.0364113	0.0211559
95	297.819	0.0369417	0.021473
95.05	303.774	0.0375239	0.021795
95.1	309.847	0.0381608	0.0221217
95.15	316.041	0.0388558	0.0224534
95.2	322.36	0.0396126	0.02279
95.25	328.804	0.0404352	0.0231317
95.3	335.378	0.041328	0.0234785
95.35	342.082	0.0422959	0.0238305
95.4	348.921	0.0433444	0.0241877
95.45	355.897	0.0444794	0.0245503
95.5	363.011	0.0457073	0.0249184
95.55	370.268	0.0470355	0.0252919
95.6	377.67	0.0484719	0.025671
95.65	385.22	0.0500254	0.0260559
95.7	392.921	0.0517057	0.0264464
95.75	400.775	0.0535237	0.0268429
95.8	408.786	0.0554914	0.0272452
95.85	416.957	0.0576221	0.0276536
95.9	425.292	0.0599307	0.0280681
95.95	433.792	0.0624336	0.0284888
96	442.463	0.0651494	0.0289157
96.05	451.306	0.0680985	0.0293491
96.1	460.326	0.071304	0.0297889
96.15	469.526	0.0747916	0.0302353
96.2	478.91	0.0785901	0.0306884
96.25	488.48	0.082732	0.0311483
96.3	498.242	0.0872536	0.031615
96.35	508.198	0.0921962	0.0320887
96.4	518.353	0.097606	0.0325694
96.45	528.71	0.103535	0.0330573
96.5	539.273	0.110044	0.0335525
96.55	550.046	0.117198	0.034055
96.6	561.034	0.125076	0.034565
96.65	572.241	0.133763	0.0350827
96.7	583.671	0.143359	0.035608
96.75	595.327	0.153978	0.0361411
96.8	607.215	0.16575	0.0366821
96.85	619.34	0.178824	0.0372311
96.9	631.704	0.193371	0.0377882
96.95	644.314	0.209589	0.0383536
97	657.173	0.227706	0.0389273
97.05	670.287	0.247987	0.0395094
97.1	683.659	0.270737	0.0401001
97.15	697.295	0.296313	0.0406994
97.2	711.2	0.325129	0.0413075
97.25	725.378	0.357669	0.0419244
97.3	739.833	0.3945	0.0425503
97.35	754.572	0.436286	0.0431852
97.4	769.597	0.48381	0.0438292
97.45	784.915	0.537993	0.0444824
97.5	800.529	0.599924	0.0451448
97.55	816.443	0.670894	0.0458166
97.6	832.662	0.752435	0.0464977
97.65	849.19	0.846375	0.0471882
97.7	866.03	0.954894	0.047888
97.75	883.186	1.0806	0.0485972
97.8	900.658	1.22664	0.0493156
97.85	918.451	1.39677	0.0500433
97.9	936.563	1.59556	0.0507799
97.95	954.996	1.82853	0.0515254
98	973.746	2.10237	0.0522795
98.05	992.812	2.42524	0.0530417
98.1	1012.19	2.80709	0.0538116
98.15	1031.86	3.2601	0.0545885
98.2	1051.83	3.79925	0.0553718
98.25	1072.06	4.44293	0.0561603
98.3	1092.55	5.21388	0.0569528
98.35	1113.26	6.1402	0.0577477
98.4	1134.16	7.25676	0.058543
98.45	1155.2	8.60689	0.0593362
98.5	1176.31	10.2446	0.0601241
98.55	1197.43	12.2371	0.0609027
98.6	1218.45	14.6687	0.0616672
98.65	1239.24	17.6444	0.0624113
98.7	1259.65	21.2957	0.0631272
98.75	1279.48	25.7872	0.0638053
98.8	1298.47	31.3239	0.0644333
98.85	1316.31	38.1611	0.0649961
98.9	1332.59	46.615	0.065475
98.95	1346.82	57.0743	0.0658467
99	1358.38	70.0125	0.0660828
99.05	1366.53	85.9976	0.0661487
99.1	1370.35	105.698	0.0660032
99.15	1368.79	129.879	0.065598
99.2	1360.61	159.379	0.064878
99.25	1344.45	195.065	0.0637831
99.3	1318.89	237.743	0.0622515
99.35	1282.56	288.031	0.0602253
99.4	1234.33	346.178	0.0576593
99.45	1173.55	411.855	0.0545321
99.5	1100.36	483.964	0.0508582
99.55	1015.86	560.517	0.0466984
99.6	922.294	638.691	0.0421638
99.65	822.927	715.074	0.0374104
99.7	721.695	786.113	0.0326213
99.75	622.662	848.639	0.0279818
99.8	529.432	900.314	0.0236522
99.85	444.69	939.876	0.0197481
99.9	369.993	967.134	0.0163322
99.95	305.826	982.77	0.0134181
100	251.831	988.046	0.010982
100.05	207.104	984.512	0.00897657
